307.5215
307.5215
307.5215
307.5215
307.5215
307.5215
307.5215
307.5215
307.5215
307.5215
307.5215
307.5215
307.5215
307.5215
307.5215
307.5215
307.5215
307.5215
307.5215
307.5215
307.5215
307.5215
307.5215
307.5215
307.5215
307.5215
307.5215
307.5215
307.5215
307.5215
307.5215
307.5215
307.5215
307.5215
307.5215
307.5215
307.5215
307.5215
307.5215
307.5215
307.5215
307.5215
307.5215
307.5215
307.5215
307.5215
307.5215
307.5215
307.5215
307.5215
307.5215
307.5215
307.5215
307.5215
307.5215
307.8715
308.22885
308.22885
308.22885
308.22885
308.22885
308.22885
308.22885
308.22885
308.22885
308.22885
308.22885
308.22885
308.22885
308.22885
308.22885
308.22885
308.22885
308.22885
308.22885
308.22885
308.22885
308.22885
308.22885
308.22885
308.22885
308.22885
308.22885
308.22885
308.22885
308.22885
308.22885
308.22885
308.22885
308.22885
308.22885
308.22885
308.22885
308.22885
308.22885
308.22885
308.22885
308.22885
308.22885
308.22885
308.22885
308.22885
308.22885
308.22885
308.22885
308.22885
308.22885
308.22885
308.22885
308.22885
308.22885
308.22885
308.22885
308.22885
308.5295
309.03867
309.03867
309.03867
309.03867
309.03867
309.03867
309.03867
309.03867
309.03867
309.03867
309.03867
309.03867
309.03867
309.03867
309.03867
309.03867
309.03867
309.03867
309.03867
309.03867
309.03867
309.03867
309.03867
309.03867
309.03867
309.03867
309.03867
309.03867
309.03867
309.03867
309.03867
309.03867
309.03867
309.03867
309.03867
309.03867
309.03867
309.03867
309.03867
309.03867
309.03867
309.03867
309.03867
309.03867
309.03867
309.03867
309.03867
309.03867
309.03867
309.03867
309.03867
309.03867
309.03867
309.13922
309.6874
309.6874
309.6874
309.6874
309.6874
309.6874
309.6874
309.6874
309.6874
309.6874
309.6874
309.6874
309.6874
309.6874
309.6874
309.6874
309.6874
309.6874
309.6874
309.6874
309.6874
309.6874
309.6874
309.6874
309.6874
309.6874
309.6874
309.6874
309.6874
309.6874
309.6874
309.6874
309.6874
309.6874
309.6874
309.6874
309.6874
309.6874
309.6874
309.6874
309.6874
309.6874
309.6874
309.6874
309.6874
309.6874
309.6874
309.6874
309.6874
309.6874
309.6874
309.6874
309.6874
309.6874
309.6874
309.6874
309.6874
309.6874
309.6874
309.6874
309.6874
310.02133
310.34158
310.34158
310.34158
310.34158
310.34158
310.34158
310.34158
310.34158
310.34158
310.34158
310.34158
310.34158
310.34158
310.34158
310.34158
310.34158
310.34158
310.34158
310.34158
310.34158
310.34158
310.34158
310.34158
310.34158
310.34158
310.34158
310.34158
310.34158
310.34158
310.34158
310.34158
310.34158
310.34158
310.34158
310.34158
310.34158
310.34158
310.34158
310.34158
310.34158
310.34158
310.34158
310.34158
310.34158
310.34158
310.34158
310.34158
310.34158
310.34158
310.34158
310.34158
310.34158
310.34158
310.07196
310.4807
310.4807
310.4807
310.4807
310.4807
310.4807
310.4807
310.4807
310.4807
310.4807
310.4807
310.4807
310.4807
310.4807
310.4807
310.4807
310.4807
310.4807
310.4807
310.4807
310.4807
310.4807
310.4807
310.4807
310.4807
310.4807
310.4807
310.4807
310.4807
310.4807
310.4807
310.4807
310.4807
310.4807
310.4807
310.4807
310.4807
310.4807
310.4807
310.4807
310.4807
310.4807
310.4807
310.4807
310.4807
310.4807
310.4807
310.4807
310.4807
310.4807
310.4807
310.4807
310.4807
310.4807
311.17368
311.17368
311.17368
311.17368
311.17368
311.17368
311.17368
311.17368
311.17368
311.17368
311.17368
311.17368
311.17368
311.17368
311.17368
311.17368
311.17368
311.17368
311.17368
311.17368
311.17368
311.17368
311.17368
311.17368
311.17368
311.17368
311.17368
311.17368
311.17368
311.17368
311.17368
311.17368
311.17368
311.17368
311.17368
311.17368
311.17368
311.17368
311.17368
311.17368
311.17368
