216.937
216.937
216.937
216.937
216.937
216.937
216.937
216.937
216.937
216.937
216.937
216.937
216.937
216.937
216.937
216.937
216.937
216.937
216.937
216.937
216.937
216.937
216.937
216.937
216.937
216.937
216.937
216.937
216.937
216.937
217.31815
217.20975
217.20975
217.20975
217.20975
217.20975
217.20975
217.20975
217.20975
217.20975
217.20975
217.20975
217.20975
217.20975
217.20975
217.20975
217.20975
217.20975
217.20975
217.20975
217.20975
217.20975
217.20975
217.20975
217.20975
217.20975
217.20975
217.20975
217.20975
217.20975
217.20975
217.20975
217.20975
217.20975
217.20975
217.20975
217.20975
217.20975
217.20975
217.20975
217.20975
217.20975
217.20975
217.20975
217.20975
217.20975
217.20975
217.20975
217.20975
217.20975
217.20975
217.20975
217.20975
217.20975
217.20975
217.20975
217.20975
217.20975
217.20975
217.20975
217.66245
217.60602
217.60602
217.60602
217.60602
217.60602
217.60602
217.60602
217.60602
217.60602
217.60602
217.60602
217.60602
217.60602
217.60602
217.60602
217.60602
217.60602
217.60602
217.60602
217.60602
217.60602
217.60602
217.60602
217.60602
217.60602
217.60602
217.60602
217.60602
217.60602
217.60602
217.60602
217.60602
217.60602
217.60602
217.60602
217.60602
217.60602
217.60602
217.60602
217.60602
217.60602
217.60602
217.60602
217.60602
217.60602
217.60602
217.60602
217.60602
217.60602
217.60602
217.60602
217.60602
217.60602
217.60602
217.78452
217.51154
217.51154
217.51154
217.51154
217.51154
217.51154
217.51154
217.51154
217.51154
217.51154
217.51154
217.51154
217.51154
217.51154
217.51154
217.51154
217.51154
217.51154
217.51154
217.51154
217.51154
217.51154
217.51154
217.51154
217.51154
217.51154
217.51154
217.51154
217.51154
217.51154
217.51154
217.51154
217.51154
217.51154
217.51154
217.51154
217.51154
217.51154
217.51154
217.51154
217.51154
217.51154
217.51154
217.51154
217.51154
217.51154
217.51154
217.51154
217.51154
217.51154
217.51154
217.51154
217.51154
215.61874
215.35449
215.35449
215.35449
215.35449
215.35449
215.35449
215.35449
215.35449
215.35449
215.35449
215.35449
215.35449
215.35449
215.35449
215.35449
215.35449
215.35449
215.35449
215.35449
215.35449
215.35449
215.35449
215.35449
215.35449
215.35449
215.35449
215.35449
215.35449
215.35449
215.35449
215.35449
215.35449
215.35449
215.35449
215.35449
215.35449
215.35449
215.35449
215.35449
215.35449
215.35449
215.35449
215.35449
215.35449
215.35449
215.35449
215.35449
215.35449
215.35449
215.35449
215.35449
215.35449
215.35449
215.35449
