0.95944387
0.55056155
0.8445685
0.7832408
0.5504427
0.4677123
0.40410152
0.89811724
0.9492447
0.77740335
0.97518796
0.81017095
0.47501335
0.5429515
0.68063015
0.5904732
0.2901182
0.8465626
Infinity
0.0
0.90783983
0.48010823
0.95454174
0.767185
0.5517962
0.6014024
0.4188707
0.36638296
0.47012427
0.48543257
0.4685194
0.63867056
0.7925399
0.77305096
0.80282694
0.60670304
0.6043605
0.46690497
1.0353686
0.48501715
1.2564557
0.7429981
0.43135095
1.0605716
0.7311061
0.6605057
1.5724651
0.57415754
0.6675203
0.8360475
0.5392924
0.57485396
1.2644203
0.7232907
0.42327726
0.8013325
0.56504416
1.1900837
0.47202152
1.4031559
0.54265505
1.1239141
0.5948112
0.74667424
0.3780433
0.56650716
0.6084696
0.7602857
0.6923944
0.37447843
0.8561322
0.782658
0.791335
0.38403282
0.99255323
0.6138277
0.5384834
0.50184673
0.580337
0.675832
0.7605727
0.567733
0.6956807
0.76784974
0.3891525
0.7776271
0.5903408
0.7562263
0.7622917
0.41922027
0.90741986
0.87570804
0.8805863
0.3513466
0.5848751
Infinity
0.0
0.7102533
0.5907982
0.5235913
1.1551951
0.6461667
0.4741487
0.9810989
1.0838275
0.37624767
0.69118345
0.8071366
0.51907426
1.3812526
0.6731553
0.5595783
0.4070937
1.411653
0.7582452
0.6282314
0.4849
0.996688
0.48691326
0.93377113
0.63882643
1.0804465
0.37303412
1.1074935
0.6344015
0.6261155
0.8305175
0.4106959
0.854501
0.8732814
0.6321975
0.4761433
0.39138532
0.49660084
0.7808927
0.7078777
0.41908985
0.49027127
0.6670585
0.47404328
0.6223696
0.3850343
0.52849334
0.7018466
0.7230641
0.758595
0.90847504
0.7180751
0.5956697
0.6492388
0.9091816
0.38507727
1.3314638
0.64122176
0.6778093
0.55925655
0.5685754
0.62495124
0.7803662
0.9234644
0.4114866
0.7798515
0.6809591
0.93305045
0.5151322
1.5262542
0.5202868
1.090684
0.38550195
0.71649295
0.6441236
0.8166717
0.4644225
0.8116689